3
50
8376 368
4052 833
8157 275
2892 647
641 908
595 956
8251 926
8371 339
713 99
2916 507
342 372
7498 138
782 60
1053 557
865 813
394 468
471 240
4456 128
51 783
5965 326
6235 86
3458 448
3207 969
740 714
2999 559
8237 546
6266 912
723 619
60 154
2942 628
3567 786
7792 557
8766 74
1152 321
9902 437
3143 899
1526 275
6047 322
1569 441
9113 838
5537 72
3438 520
330 416
6685 823
5000 362
8612 336
6455 325
5016 389
9748 924
9879 437
50
7634 164
75 915
7235 226
817 94
9960 794
6350 63
8367 759
242 995
4435 352
7215 37
2255 638
123 925
2265 758
3955 304
2077 617
7633 505
8246 890
4769 375
4037 928
3073 454
9819 397
3415 954
1017 101
8408 49
9770 139
2565 329
319 881
8216 915
2412 735
7872 246
3361 774
8570 974
9388 581
1217 718
988 315
631 899
825 430
6804 563
4130 580
9421 951
8711 72
4297 405
9625 175
2849 689
3470 99
4806 468
3977 639
6967 701
9994 781
1586 168
50
8629 427
9580 946
9950 308
866 132
6578 628
2466 145
909 786
5720 301
9702 427
8287 440
9041 979
7564 342
388 720
4495 905
1465 765
8646 494
5764 502
194 981
6213 511
1837 661
2064 938
3676 96
7915 737
2658 618
999 696
3830 152
1187 335
6054 87
621 599
4171 26
6650 738
2766 360
2201 840
6284 564
5283 791
1542 343
1429 746
8204 580
1553 109
7532 834
9026 112
4981 807
431 379
1616 59
2450 777
161 555
2552 208
2539 303
5771 832
2402 926
