5
1000
13475 738
19249 8467
17075 1154
22919 5949
2793 258
25822 6405
1741 5198
21903 9273
6456 3274
6629 1565
15451 2833
25658 2546
20740 2655
5212 7962
29469 2207
20534 6907
30581 231
4012 2322
30404 7603
8134 8217
2537 687
24849 7548
7029 2825
17730 889
29293 5702
20509 919
23116 8244
8085 6424
3144 4335
16181 3425
15830 6840
19134 2665
30832 4291
9234 624
7830 9440
16464 1603
16915 8797
20545 1869
12161 8954
18419 1280
21263 6060
2467 2116
23170 3798
14304 3487
14458 501
29422 2118
27895 2027
1385 9394
14107 1470
17450 5655
5170 1250
9583 977
12271 8212
21301 2384
10744 952
15593 997
21670 2934
27712 4333
20741 5072
8548 926
11299 5656
31312 7568
24967 9744
10621 6350
26367 3153
32702 6252
9631 6831
19816 316
1030 2621
24247 1436
26083 2637
5997 5233
17592 7739
29116 538
17886 4091
25702 5038
29130 5440
29731 9864
28814 5646
29763 4660
28578 3554
14996 6746
5349 3665
19078 9307
8927 5774
15245 8553
12873 1504
24263 6588
9423 259
26591 9186
13588 9326
7473 598
18423 21
21295 9045
25365 7375
14083 5629
27790 2491
11382 8023
6157 3982
17168 3974
9474 9792
1664 5360
21042 2569
11839 2301
10866 342
28785 830
3759 1232
31756 5951
8498 5167
24123 16
30242 9018
22277 7968
11595 7074
24874 9227
22813 6464
29005 3287
22264 9628
12376 8969
31911 1760
13597 9789
16170 7900
313 3205
14008 6715
17726 2385
9220 5014
12305 4864
23232 1111
19856 9494
13663 8321
14456 7759
30240 6238
9094 8084
14664 297
32221 4747
23726 6989
13992 5571
125 1213
25600 6144
1334 9126
20752 5827
10996 994
14199 7774
13812 1710
10221 3735
15444 9006
26154 7579
283 416
15364 9381
122 2414
2007 159
4434 2616
2601 9112
16373 1393
13966 7734
17969 6569
3018 6846
17547 139
14134 8418
8392 4247
1893 554
11698 3043
29190 902
24 7022
12556 67
5399 2197
15117 9852
11672 7753
6888 1747
794 2384
27307 1552
14770 8060
30132 3417
13135 2313
17942 4723
10307 9674
8510 2760
10495 9943
14294 8201
27934 1600
3305 437
5030 3157
22600 7803
14474 9656
26669 9453
883 8195
17951 4966
5055 7367
8981 8157
28106 5748
20190 3946
19821 5392
16064 2264
453 978
26464 3739
13878 3374
28129 8197
19631 2710
29776 6244
11567 3102
1344 8381
11912 1200
25265 1903
31843 1938
15415 8321
7812 3205
4184 8830
1359 5247
15669 6691
16267 4091
1133 5573
15719 3552
1598 152
17594 7263
30701 1198
31375 3777
6504 6556
9697 9377
11819 1780
4003 8437
32096 4110
31346 7498
10376 4576
2304 3555
30000 7642
1756 6308
27247 2713
14254 7238
11592 3392
19898 8167
4177 947
12122 4559
9410 6135
12460 7219
25036 3945
5512 4041
22060 4306
28597 3677
6143 7753
11612 3843
26328 3129
27580 4895
13328 1044
25120 2626
1373 2040
30990 2005
26022 8098
25026 267
22550 897
16859 1506
368 7164
18259 9690
31650 1126
14516 2233
1948 1632
21897 238
4450 1824
6931 2372
14944 6593
16702 5993
24063 4635
979 9712
17525 6500
3055 1813
30689 2503
3508 4527
28567 1620
28222 4298
1464 8280
1497 2485
27399 8351
21105 1561
3319 3367
11850 1884
8713 9399
24305 5157
20564 4512
4210 5825
8805 2290
4299 4196
15946 4482
24481 6564
4842 4970
26162 1011
28568 2145
27531 4187
14823 8045
6394 7295
13759 7943
8903 1919
5040 9198
26911 5820
14727 9391
9553 6381
31007 5763
30525 306
10618 6441
26376 4935
22032 1797
12053 859
30823 3481
25137 1361
28644 3939
16910 6502
11233 4583
23027 3093
15360 2655
12721 1576
15038 2000
11481 623
17995 9679
27180 8149
31641 8532
14163 161
10162 5309
27857 1691
9040 2518
17973 4000
3239 24
2708 600
21382 7328
6454 8597
19358 3361
11920 62
14625 5612
30066 2062
2960 5423
14466 855
15054 6987
18409 9802
31352 6715
26444 2011
14201 5570
22526 9136
5080 8916
21364 1659
21717 9064
2553 4825
30517 1836
31138 7881
24026 2346
12677 2945
20118 9610
21798 1133
12609 3047
29746 4618
17673 1382
2672 2675
16394 5028
15348 4233
3359 160
8598 1336
7159 4921
14754 9671
30571 5529
20689 2912
5646 2098
30584 7025
6406 248
22272 5122
27931 6799
31638 6873
526 6070
26147 2426
3116 3829
31359 3794
1058 8531
7650 1942
22803 4411
6555 2536
2280 6047
5636 9226
4840 8077
16821 1254
30856 577
30968 5773
16516 6108
381 334
12334 2772
11855 9593
12038 2684
7 5525
2188 4661
5440 5375
82 2052
32586 1556
27733 230
20259 4944
18829 4034
28322 2392
32451 9694
6646 6693
16803 4917
3407 7506
21010 7639
15067 393
32706 1153
7412 4168
11779 7182
30872 1417
18908 5678
9241 834
26202 6311
9749 1611
29480 9801
16553 4862
16736 1926
15586 1076
19105 7714
2676 2397
28258 983
1967 6159
6533 6572
1454 436
3119 3351
23762 6669
12760 3664
21516 6286
6681 6820
352 3295
219 4113
25666 3046
31298 2212
31141 6763
18517 2215
4037 2813
13491 3350
23418 6822
21149 1009
16058 2887
31446 6691
30830 467
1203 5176
17610 1732
2327 186
22490 1743
20897 9466
26206 7688
18468 6897
12504 5945
31320 8440
17635 2831
1487 8005
26822 8630
42 9606
25929 2439
12172 8323
8648 8318
10063 431
18053 4944
7414 2479
22850 8605
2403 7967
2064 6211
27211 321
5730 1379
14310 6823
8293 2136
25323 6819
10388 3732
28347 3149
9095 45
31708 9061
30219 5529
22186 4633
6520 566
24137 3721
23103 45
22494 1609
25795 1672
511 9479
5226 801
31848 3549
14579 4285
22511 8841
17930 9945
25274 2828
8473 8979
1199 1520
354 3725
16428 1102
5707 8701
11000 5518
26616 2456
29562 2335
9759 273
17961 394
22808 4188
10052 1842
10548 9768
5315 8239
12368 8396
1165 8572
2474 3905
4843 3437
5107 9537
30013 4661
6565 4686
1260 4599
21398 1701
30367 2523
31182 5141
4530 4211
22165 363
31716 894
4049 464
27983 1533
6799 757
24734 6277
3296 1949
4986 2132
16870 8445
27461 1639
1070 8015
4619 43
12864 2493
24501 4355
4469 1868
25472 2730
17161 1462
8622 1401
3953 3485
22908 3131
31727 9245
26451 6111
24163 1633
5954 5581
25444 6473
31660 7101
14991 5114
7230 8820
23839 7319
4388 5984
8895 207
24189 103
6300 7398
9228 27
20157 4568
22560 3991
29387 7926
4209 3788
1173 1293
4112 5269
30190 5562
2076 9584
29335 4462
248 9019
14747 821
17066 6449
26837 8831
7297 5492
8626 9285
20475 813
27448 84
8933 1680
30023 830
23748 211
8479 8226
13172 3728
29475 7720
27407 2664
20957 897
11537 507
13889 9118
23225 7382
12598 4000
24242 5292
27218 4608
16882 5096
31717 4273
2019 3681
20538 5202
5568 6959
25625 1496
10562 7309
4752 9516
8829 304
19956 337
9476 7815
27170 2968
21588 1268
23562 6279
12144 890
4719 9383
20424 8742
19432 6285
3935 7363
3627 8380
23085 8585
8842 1225
11971 7142
15294 7935
4653 9600
10468 3028
31516 7865
14789 1660
30789 5939
14426 3164
24886 7056
23393 8245
22977 2344
22898 1924
16429 8066
16067 7379
13432 9595
588 5436
30065 2612
27258 9160
5903 6325
5668 1920
29446 5794
4544 5426
2349 9671
11702 4521
15165 950
18992 46
3597 9031
2809 4760
24871 4031
9338 869
10739 3673
16888 6486
19834 131
19830 3893
18288 2471
28375 5993
17010 6574
1604 4711
1420 1728
9677 7211
23294 270
20051 8760
21568 1587
29605 3644
3907 872
3049 5751
24826 8248
11838 9758
2329 2036
1183 971
21277 3031
5386 6647
18572 9996
9698 9595
22654 4479
16787 9475
6236 6865
7540 645
488 6688
26609 9008
21117 3558
16873 9495
32369 6453
10640 9848
1283 9243
28329 9906
4459 882
1160 964
23286 5761
8459 7820
22606 778
17630 1847
21852 1021
25357 2437
21541 8653
14686 9122
2370 1773
28374 9468
3718 1765
31615 1786
10465 5414
15721 3083
9604 4075
24303 157
4678 8928
29243 2559
21831 9687
26125 3625
26579 4537
14263 5082
14473 3322
1645 4658
30908 8816
27579 497
22809 3173
15703 7520
31114 1003
7193 8911
4187 9567
29768 6622
3228 4769
21271 4256
14278 7715
13679 4509
6817 3025
13295 8391
10596 5632
12338 8399
31518 6809
26448 5625
4182 2311
3495 5293
27886 3823
22491 8399
2382 2768
5403 9473
24254 1052
16038 2151
4882 5478
8334 4108
1933 7644
32700 2580
20224 2838
24885 5873
20274 1263
22172 5930
4484 5732
29687 7512
1749 1931
21174 5523
17060 8790
17905 3421
29044 8264
9201 7469
3701 6535
18674 4863
7264 578
14119 4313
26019 2373
30719 8209
1982 5947
8871 7245
19949 8467
11216 2187
7943 8870
25266 5171
678 1848
16208 8778
392 3453
26110 5112
25909 3551
1057 4812
6882 9501
27191 9470
15766 773
1815 2133
2955 8420
10361 9083
19159 9117
9400 157
24907 1977
20951 1447
9116 1871
28099 5920
8128 1925
23511 1970
26267 9365
23461 4829
6363 8642
13147 5137
23053 1765
11671 5473
24499 4619
2938 8587
31994 569
6791 9819
9612 4110
30440 5070
15122 9135
5287 2518
5 612
26913 191
11457 3334
18616 19
23260 8278
19657 2155
15029 3634
21982 3320
18256 6548
32292 2593
27745 7131
4127 4125
21158 4782
21916 1891
18042 8190
21223 8096
27816 779
16959 2681
14717 2506
25479 3666
24097 1910
29758 7198
8231 9333
25521 9015
20322 748
5999 9584
19962 2037
21502 8010
24256 2703
7628 2516
11711 215
9832 5367
18195 9846
6642 2160
28671 587
24785 1855
5689 123
10659 1296
18824 1318
20346 3815
29585 8747
28741 6930
16878 6015
18316 394
30337 7306
8545 5002
4616 706
31123 9106
3313 5037
6948 1102
12192 1501
15107 9133
4429 4321
15066 4851
8125 112
3249 3191
6234 7805
13277 1365
18641 2337
6164 9090
26646 2081
18059 2653
168 6862
20059 6360
20502 5308
15401 9974
16322 3429
30982 5477
23269 9150
4244 4525
26067 5771
8810 4841
31361 767
698 3702
20036 4166
20017 3994
1243 2102
29983 824
13488 5490
472 6016
91 1138
7770 652
26984 3968
7472 5096
16474 4468
2454 705
21999 2178
733 6498
20902 3346
26385 8810
20863 7233
4314 2322
14082 4454
11424 9838
17794 9976
26866 1987
30115 4766
1577 4840
8730 3814
2376 6623
29108 9882
5671 885
8858 5951
13521 1144
6867 1552
1578 6249
25098 5036
11221 1298
26770 1435
26452 6746
16295 6118
13425 3302
9975 1272
25309 9106
4961 7567
29464 9713
4860 3143
14992 9969
12891 4842
4877 19
18191 9536
6476 5754
17262 2205
16106 241
30611 4556
13189 1537
25510 854
26909 1715
32606 7720
14272 3588
6851 1587
2279 5417
16757 3866
7503 8122
6665 9546
8156 5203
28097 1701
27954 7902
15843 3960
13838 4545
13177 6078
9735 5647
24510 2
24032 9318
7192 1363
18890 602
15099 1560
31091 9675
23204 4655
4837 5472
24379 693
1367 5807
17571 2782
9654 8807
21054 7145
8578 7544
9639 2115
10328 7691
14731 5509
18794 5150
20154 6110
17709 399
27517 9122
10065 3499
25899 371
15606 2103
10231 1616
15133 9631
31739 588
29341 8380
19855 5815
15308 1668
23569 331
6653 6260
27990 2556
21578 2319
26854 530
13081 1134
9215 2543
19524 4585
11997 5284
23159 6584
1849 5749
9177 7719
21520 3898
13294 3817
3749 6328
27836 7950
15561 8383
13100 7672
8282 3460
15028 4858
10 594
13363 9954
28001 3709
25628 2905
11270 1320
25559 2568
7738 679
4708 8765
23205 2839
30786 9038
20309 477
8847 7213
25580 4704
23961 1883
21939 4948
3314 8422
22963 7010
737 3843
20860 1905
6004 2920
7728 2797
17018 4908
28842 8805
2882 4571
22368 1202
9638 3998
25486 2824
24648 3082
10641 8028
18460 3575
8336 1637
9511 3972
9570 9125
13446 5209
9388 41
17329 5966
12362 3983
4353 1562
1009 5592
1000
28014 5634
29566 7073
20147 8945
5560 8464
17649 1590
3788 442
17346 900
14148 4656
28966 7912
18008 6520
500 4874
14149 8096
5357 23
6872 5755
9602 7053
23734 456
26910 7802
12108 8628
1072 836
11793 8873
24200 4133
29963 7378
5892 3578
20885 722
23149 950
28767 8470
8604 6908
11446 856
6881 9676
25862 1813
17061 221
30877 7553
28493 7213
21169 2826
21602 3173
9893 1946
16623 33
16776 5377
7467 8430
5343 7698
27480 6660
24228 5436
20459 8518
4750 316
25837 1655
26771 6050
23713 5072
13484 9489
14183 6288
27608 3643
4320 8339
31331 9356
18515 6246
20328 6725
2128 4617
16789 2877
29075 2197
12590 1011
27946 2257
2900 918
27099 4000
4744 2920
2240 685
4203 4817
32052 2842
21703 2896
9203 133
9683 4727
5500 5788
1459 3256
14266 2690
28991 4842
4836 9507
31749 769
28066 9780
28049 9933
29809 7470
17388 7169
28744 6317
16226 4919
20604 5716
23432 4386
3041 6371
22910 8980
7474 5468
16242 4321
7858 5074
29029 547
18708 8787
18226 9504
22936 5688
17356 4697
9080 9386
20935 1684
20610 8631
10522 6780
5382 9237
16931 8359
23282 2903
31211 1401
10300 350
19372 7416
17536 9905
17296 1471
25067 4031
3772 150
19799 9220
19597 914
27063 5323
1313 6873
31414 6164
26906 4681
667 1526
16030 1513
14192 6822
8098 8576
21347 6521
28009 4789
17516 1654
7495 7462
32560 7487
17067 8701
31014 8721
31325 7120
3576 4650
6915 4056
21548 7627
20202 4036
9475 4495
31491 5295
23457 1563
5932 8223
3951 6629
23473 5136
19902 4970
26643 6736
5805 5194
18184 6524
8524 8247
29634 1915
11009 7759
17524 9305
22059 837
24083 7559
23558 5543
5466 7601
5583 731
24848 5360
8488 3275
16781 6369
9149 1908
16763 2037
29224 1449
29658 2506
7698 957
4934 9499
12187 529
9853 2372
3580 6554
19996 3560
23403 5863
8105 7238
18496 2577
12758 601
8533 3923
15876 2848
7602 6397
31495 4477
12138 7108
5417 1985
23488 7420
26481 6904
24206 5400
23077 2225
7400 177
2701 3185
11004 438
8186 3304
26940 2755
29191 7396
31936 3221
25631 8149
9957 2540
6719 769
16443 2978
27389 1208
23198 8379
13002 3994
20130 5837
27764 9816
14389 8979
13039 5945
9855 6972
4180 5806
781 8793
15914 2024
29743 7912
15077 5064
26314 2700
22151 7234
11963 591
19479 2019
23683 7609
26234 7295
30792 4178
9777 539
30407 6856
5880 2189
15267 4256
1200 3306
5628 6311
31901 7275
27460 5710
28369 757
1102 9173
1000 8345
12456 806
31478 265
13355 5654
9150 9004
13008 9512
18725 9732
3782 8851
8166 3438
27841 7972
3462 1850
21140 8775
23435 4124
5122 3186
10985 1425
465 7490
15293 7878
3873 9675
23869 3366
24828 1338
6639 66
31790 653
29722 5430
1367 1493
18043 8842
18238 4587
7480 4406
29544 5009
6938 313
20714 90
16118 444
19835 6780
7532 9906
9421 1301
25300 9107
4638 2172
12662 4025
16394 8649
12281 1755
27299 7800
23583 9608
26563 5818
30127 1318
2465 5565
5554 140
4003 5933
17889 3644
6515 9482
11359 5
20565 9484
8100 392
15032 676
14009 5929
28170 1477
10667 5177
4817 2403
5690 146
28408 4779
31953 818
27238 3235
2491 6635
16854 9923
32403 8138
23522 1348
20476 5255
29792 2184
19347 5244
4594 5451
23074 6794
31193 4040
12823 4520
5642 2175
3636 4670
388 1509
15495 7953
12000 2428
6557 4335
23850 5429
19443 1693
20207 3139
21421 5935
30615 1522
17034 9577
4853 8408
12312 4675
23325 3706
15908 3730
20598 7298
16757 3365
18448 5744
25274 3964
13367 9791
19392 9280
23368 5514
13544 9967
28867 2766
26329 9367
17570 2081
1138 6117
31977 2003
12546 8062
3455 9236
26300 4637
25148 9574
4453 2382
28483 4149
16720 6908
7058 3588
2700 7942
14807 7402
25692 966
901 2077
7399 8837
18984 5373
13617 8249
21238 4773
14666 9713
4262 6317
26822 4195
12165 275
17260 9379
10182 315
20019 9959
18969 9860
9322 6600
31360 781
10550 2284
3422 73
27969 6370
31441 4303
7345 7245
23618 260
2391 3893
26683 333
9513 6170
24696 9520
243 6282
9792 4762
9033 1413
26870 2422
27503 8939
6732 302
2167 2646
10761 3134
5493 9783
17006 9944
8425 9208
20859 7809
20833 7141
16365 8399
20523 4894
20741 2368
18220 9050
12171 2380
30224 5934
19475 5879
8868 5551
28799 5275
26751 9428
11461 1894
11240 5407
242 5488
13300 1038
26735 304
12271 4157
10883 1183
11261 5086
5146 4365
14593 3484
32453 6818
19390 8748
18689 120
5949 1924
9148 551
26222 2033
22805 545
14609 7972
28772 1728
10199 8476
21370 2092
21445 8970
22826 7553
25818 2241
22792 864
23537 4109
11376 9397
15337 2533
16586 6282
19970 2580
7949 425
1418 8900
3202 3751
18106 8156
10443 6704
5339 3836
11555 9293
27564 6613
12519 3645
18440 735
5974 1027
9156 1269
2709 5308
26839 9156
10229 3060
8125 292
16761 5642
23837 342
22675 3472
12969 4895
13871 1063
10053 4067
17394 9787
31340 374
2756 2043
14032 6815
31372 5149
22593 798
24378 7263
2256 655
9995 5824
14644 4399
24072 624
6253 4078
721 37
11943 3686
6296 1279
8032 763
6768 7055
22221 100
13256 7316
9850 9673
25138 821
5426 2317
25706 8886
26142 942
6803 4469
6960 9723
15299 84
30403 9701
1218 3836
16507 8281
17423 3663
20851 2924
26404 5711
11159 1128
27899 478
8270 4839
25041 4005
19037 941
18474 5785
24328 1338
4885 7258
6777 4880
5553 4110
19302 9747
3056 862
16879 687
8347 351
9669 4190
5271 4900
30609 5353
27494 4530
16788 6318
16624 3492
15242 8340
11396 16
26069 7803
21786 9753
24535 9511
6875 311
32160 8623
31203 2708
24777 6704
2629 1623
6303 2840
16719 2135
3461 7392
22544 6152
15251 1689
31512 5370
131 4442
10111 8387
206 6472
22825 5881
26642 1512
28231 9973
2231 5377
25633 8260
7890 3158
20756 6976
14921 98
16342 4990
5177 8420
20482 4009
21396 8701
16336 6863
1295 2968
17187 8618
19003 2586
19402 2402
1009 2570
9983 3601
31732 9234
5172 4776
20946 7894
14608 7888
12043 3525
5812 9411
1653 638
25666 443
25311 8053
29344 5259
2293 5894
32121 7646
4328 3461
18908 2590
5398 491
3684 1391
8522 1956
12342 9105
17019 1297
22288 2077
10857 111
28636 3059
17270 6618
32552 2204
14007 1024
30678 8190
6219 8568
27157 3712
11755 3027
7824 3999
963 6737
29157 5360
17280 8663
1112 4566
427 6560
4553 1782
30005 7537
1507 5530
19795 7089
8343 2403
6540 3481
16072 2786
30735 2649
6984 8680
32331 1131
7172 4893
4026 5403
32635 2910
5885 2983
32373 8266
21806 1364
13809 5808
15218 1394
27999 6705
717 6688
3343 1355
30267 3826
22762 1385
8956 7410
17248 2581
25391 2422
27809 895
30370 97
8720 8435
7657 6987
29172 4342
27565 837
10097 1153
16455 1064
17080 5729
9101 254
16762 2397
28908 8020
19362 2490
2488 61
6211 509
447 1018
7887 4671
31268 4121
26763 5909
7787 4988
5695 3968
30672 4268
28210 7169
2781 4781
1621 482
29499 2323
24255 2914
29129 4261
89 7183
8427 4738
29659 7144
17189 5425
9463 9315
24552 7709
1491 7197
8875 7377
1725 4288
12350 3408
13851 1098
26203 5784
7328 4812
14719 520
10694 6479
2367 7528
24894 2503
21518 6752
21638 9155
21887 2196
29077 2484
20690 9283
30930 626
17110 3952
20384 1401
20243 8067
25066 7858
19968 6838
16895 8772
2935 3487
31393 2698
18789 6576
18264 9654
23238 4251
9997 1798
27345 9418
31955 2535
17519 1502
13064 6216
11762 3110
5277 3856
11524 19
20658 865
18141 3417
23654 1327
4282 7753
9965 3388
9354 6045
21475 5574
19946 9683
28639 724
851 8589
21324 6109
32658 3848
10100 1705
3961 5116
16862 3308
26581 9555
18906 7984
6048 142
23642 3201
27255 7140
8707 8655
20302 5868
2948 416
5986 5438
10279 2149
8559 3285
19109 6686
17699 3127
28735 5199
4819 7592
7690 3685
15214 8859
10379 164
13487 4107
6531 5267
28054 2937
10252 3259
10008 807
30437 187
17686 1796
3339 63
11148 1353
15497 834
31755 4036
27536 8114
18281 9666
29642 1379
1975 3539
3052 4439
30323 8376
28555 860
4863 6016
14640 2502
27986 6052
8878 8895
2286 5855
8115 9004
27665 3842
1694 8658
12080 1927
15248 7945
8353 3668
4550 9711
20632 3250
22310 8384
6484 7519
15895 3013
30618 2369
6550 538
18275 6604
8071 9173
14546 8134
9544 6819
4456 1608
10581 3451
13431 8023
14428 180
8965 9109
26160 5865
21074 2640
12887 5803
30374 6834
28916 3632
28643 839
16526 6051
3431 534
3347 138
18736 9970
17437 1768
15939 1772
7795 7092
24142 3884
8915 667
10892 9968
17903 7106
29673 1475
19381 6638
26215 2369
19923 9735
25536 1466
2939 6554
29005 5350
26211 6718
15654 9144
12561 4377
32395 3190
12885 5140
13698 1031
535 6156
3522 7566
9042 3003
26832 887
32609 182
21352 63
23976 7166
15336 1096
7856 8997
24317 8413
18390 9232
5923 9975
2659 2503
32257 5362
7249 2396
16770 4495
9217 5199
3368 612
3116 5455
7587 5091
21532 834
12962 9439
12316 7238
21225 1789
3629 3352
5795 1368
21242 7702
27642 2471
25358 9296
2534 1666
19525 5652
1346 1011
9088 4699
15397 3338
27293 9101
2927 964
4775 5676
674 828
28233 112
2548 194
10377 6286
11938 9580
5043 6111
2438 4458
25746 78
29676 702
11750 8466
32418 6380
12307 3373
24398 6574
20759 2612
18436 2139
20670 1168
23832 1385
3353 9732
15665 2032
27436 5215
20383 8321
14311 5700
19695 5351
5464 5353
13756 9997
18462 3726
11208 2977
31009 238
24907 7671
16256 2554
4746 5536
1739 8564
15788 2636
9587 5161
3273 5262
14206 9059
9797 1488
4479 1758
22364 647
24518 9897
19709 9543
17876 9439
20188 8186
4626 1351
12483 5373
22978 1240
28200 9692
4405 625
9221 4735
29758 584
23780 9460
21224 2706
25401 9904
5732 2995
3573 9152
4677 1685
15192 9029
30192 8734
28167 8239
29261 8733
16478 5353
25478 8711
918 2388
31615 5068
21369 3140
5305 1929
27515 6320
10851 5142
16857 4700
4939 6628
1916 4382
18503 1653
16766 9289
27091 1360
7145 12
18683 1733
21869 588
14671 1606
8998 5288
19315 3756
16516 5409
4554 159
18623 6290
19796 1697
3776 6702
7139 3831
28565 4331
6298 3801
25110 3393
2223 3110
10696 2416
17776 2966
12545 807
1924 8881
20045 2866
30580 9310
30993 3780
10090 4542
12654 8837
23096 4554
8040 846
15259 1594
11592 3955
28097 6039
8510 8063
4106 7619
31307 9878
8972 3144
5214 4791
28121 7295
22462 1809
18564 2258
30631 6777
28641 8563
1080 2104
18061 2015
21389 1817
10030 4605
1576 2276
11260 7531
10901 2740
3969 5435
17485 336
2716 2138
14812 6168
21452 2530
28223 1614
9131 3200
2448 6008
25273 1384
13541 899
25691 2039
19829 8714
21284 4330
21244 375
12882 1789
5473 6040
6300 1287
26006 5494
2091 8900
19905 9122
2022 770
5273 6641
25074 256
4114 490
11129 3300
2876 1053
31147 7340
17256 3575
26627 599
19283 1452
13238 3307
10147 8899
25501 4078
28079 7102
11598 4181
8012 3245
28263 8596
20576 5226
118 6647
10666 1903
8966 2191
11541 2688
23080 6981
6078 388
6593 2385
13820 603
10188 4575
5702 8717
6307 4687
4848 1986
21839 6315
31322 6375
9559 2286
1895 5604
2774 8883
15920 7659
9424 6351
250 4724
3014 9345
29030 1767
23688 793
29160 3145
25931 519
23418 7370
10491 8709
15250 1710
11475 5736
11857 8300
17450 3779
10493 2531
20112 8556
18609 771
7193 3827
31059 2619
27641 5728
2247 1103
14673 5948
31330 7372
19017 6163
8991 3663
9961 3084
7938 735
9323 149
25 6723
2791 7701
3517 6236
1000
21593 9926
15426 120
29704 7982
2024 6985
5193 4803
22980 6819
1619 2077
1262 9788
28452 9570
22646 8929
10614 2070
12539 5436
1007 7015
18553 9522
12184 9064
14435 9311
29328 4411
25074 2262
29442 4773
12476 4516
11860 6317
27528 9301
28833 1173
1889 1913
24682 2764
12521 264
29320 3394
32752 8515
23141 5166
2373 2797
19052 6493
17100 2506
6334 3324
28113 2518
7207 7608
31644 265
21840 9523
8262 6218
14390 3690
1995 210
10714 2036
24927 1075
1595 3550
13574 8008
17025 1877
14175 9439
32635 1012
4032 2452
8267 1727
17544 7311
14688 7918
16817 6721
27557 8110
11685 7323
32760 1012
83 1824
22238 9588
4225 4332
117 2065
2916 2212
4266 6054
2670 2128
939 2948
15207 183
18080 653
20159 9993
14486 7792
8227 2451
14267 3430
19790 9295
3793 9645
12066 9978
22237 8050
26871 3770
8479 8053
563 7199
32071 8103
15898 1544
12262 519
9704 8346
11555 5405
31005 845
11183 4439
30745 6568
25595 9411
15592 5742
20392 3979
5727 1208
32063 9863
6504 1749
19490 4048
23706 5119
9410 1633
4621 6992
275 1523
29548 7365
22845 25
13387 9842
18581 1881
28347 1494
32459 412
15900 9969
20836 759
31795 5363
363 3435
21629 7558
2404 9402
8642 1438
1922 4524
18924 240
6170 8881
3098 6513
13398 7287
29937 1120
26926 334
27954 199
31380 5066
5778 6670
18159 1849
27334 65
18678 701
15716 1231
31357 7378
13859 2543
3392 1618
7214 4819
23401 7195
27301 3031
1473 3238
31280 2916
26832 8358
16195 1711
27974 4081
15776 1840
14233 2351
21789 9894
31472 8736
19367 3658
29504 3795
14471 9809
19124 2069
13540 309
28243 5014
30089 4390
5597 7970
12777 765
757 1294
31840 1170
15237 690
28604 3343
17247 4262
22012 8116
6432 1776
11352 6588
31322 3645
10369 9552
13042 669
9001 5946
31686 9908
3014 2957
11411 8766
18835 67
17687 2067
11736 2007
4466 8204
23404 580
28114 9589
18296 5405
27983 1347
14205 6143
26644 5623
24729 5972
13504 6067
3078 1481
4364 9869
25827 4275
32173 2354
21303 701
4476 4461
2099 373
2004 4088
8119 2375
3643 5025
31512 106
5445 8305
14625 4890
10422 298
28503 1637
4839 5167
2177 1419
20331 7528
27752 2255
4337 5413
21724 6227
24172 1363
29687 4179
2930 2989
20390 608
4066 4677
30308 8929
714 8995
29001 7381
15496 2877
5956 876
25647 4200
9637 8406
27692 2925
16862 875
16937 6720
18570 3885
13873 301
3502 5243
23829 1652
29247 5304
29199 7287
29413 5883
31654 785
5119 1848
14289 1513
20199 4687
4959 4886
25719 2611
12438 6278
14540 9710
16667 5002
7241 5667
14098 1748
9695 2676
4485 2308
652 5701
18442 703
24098 3344
6560 4834
18762 8507
17115 693
16584 3063
24385 9971
14849 650
31219 4136
22714 1168
4496 5548
12834 13
4950 8048
16659 1190
4490 8214
28565 256
14618 1254
22948 3753
19074 558
11571 6790
6636 7850
19312 2669
23195 453
3914 52
14729 5998
23856 489
2895 7438
24604 7347
4422 648
6097 1097
10882 7265
12178 137
24372 5089
15148 498
8399 416
12577 3405
22288 358
17463 7702
16660 6730
21399 9858
5998 3751
15745 3074
5239 8736
19005 2858
22245 5793
17237 5218
21151 4568
2817 8061
17360 2963
18403 6409
22586 3563
30964 326
718 546
1471 186
11641 8506
7885 7540
15680 1494
608 2207
7311 8341
31076 8490
16334 4075
8354 3270
22582 1378
21047 5503
10467 2322
17220 1118
12842 1740
10728 8190
10028 5709
32619 4430
25003 9681
12988 2135
18461 9494
24350 8975
23039 8995
23326 6365
22124 7048
13256 2558
12526 9367
26650 2998
18580 9460
30905 3211
7066 8163
24607 6211
27758 7829
5724 1843
29319 1102
27589 5165
7934 771
26330 63
7666 7508
4956 695
19663 815
19122 2128
26064 1396
23436 8460
1219 6057
21702 7699
26893 3246
30607 2667
6381 692
5322 1049
18949 1369
22964 6791
13078 4807
20424 7046
11019 4591
5088 7766
14649 1039
2204 8020
31461 6268
2055 9810
518 3180
22648 9629
4429 2402
26807 2971
22883 2095
5985 8068
7026 6615
2446 3444
21734 4227
21680 1981
22645 1989
32703 9233
30812 5697
8083 624
9708 1465
4753 8671
10822 7305
8073 3355
23651 1269
31711 2572
30807 2992
31977 5533
31702 6111
30873 5403
11255 6861
6492 44
10296 3568
10561 5633
11970 459
6238 4159
30191 869
17008 6795
16138 9066
14273 3716
1622 7473
3407 4326
29777 8238
30762 939
29753 6649
14366 357
5072 6142
5522 8506
4189 7942
30384 2142
13555 8295
20422 1095
28149 343
29420 5037
13786 4694
744 2113
16174 5085
3406 8496
32729 7217
4076 7271
420 3165
28004 5097
7161 8335
5403 127
31466 1873
25170 5807
6006 539
30355 9393
1287 4967
4943 1662
14398 3253
14021 5433
10995 4624
37 4450
376 4913
7926 5769
5406 8115
20917 2128
2043 5303
14271 1460
17898 2408
31345 2157
5842 8593
4493 6340
9772 6269
9951 7877
9151 3871
23841 7125
25006 5828
32285 7269
5045 9142
21521 1464
5040 4867
12887 289
20317 8973
28997 7313
17250 4739
24915 7520
10130 6687
31099 249
12396 7761
17638 8459
2532 4045
21444 6124
28519 416
13180 1137
1305 3321
12805 7644
22113 8773
28819 1366
7591 4107
2423 6285
14684 1578
19776 3935
29243 4655
23335 2151
30415 3867
6314 1127
12342 1333
19574 5159
21540 6556
24714 413
22571 3696
3994 6926
10809 1633
433 6244
21090 6600
7195 5233
25055 6549
2178 5314
21335 5160
14167 9639
16478 3764
24948 1010
4156 8896
19711 750
6096 2929
21330 7267
19348 6039
31878 544
29999 8409
11525 277
26875 6394
22036 7380
28028 9024
5746 3405
23698 5300
1329 8464
25842 9323
7875 2398
32726 2070
2136 6319
28404 1751
7528 2665
22189 8630
31627 2127
18568 1939
145 9000
20958 7372
28367 370
25303 1265
11191 230
8597 1638
19628 5646
32174 3113
26132 6500
6112 8372
20654 2733
20992 5765
22821 6582
6964 189
3558 3293
19554 6406
7983 7811
10472 3449
1385 6897
22414 510
25016 9897
26552 7892
19664 6990
14049 7876
2058 1975
19012 9074
17591 735
28892 835
30132 7377
16783 7877
24383 1474
18855 6779
22792 4415
32641 2216
30347 5065
19849 6255
2462 3806
18790 1976
13126 8394
27505 7525
27646 3148
3365 796
7743 8049
1785 9787
16722 2056
7996 3799
11581 3146
16964 8755
19217 7234
8925 8835
27312 348
14480 6670
17668 7768
12726 9914
6728 8324
26763 113
28606 1944
11908 8101
21925 255
25059 9602
3336 392
31555 2062
13483 3066
29624 5856
800 8422
17398 956
1452 8359
18207 5611
28957 2199
24068 6188
24425 2373
14825 5540
4242 8056
12129 3004
25555 8776
28592 178
15817 7422
3840 8118
18306 820
2743 2248
17327 4106
26147 7192
21563 9755
30643 9663
20770 4770
5735 2331
390 2236
31194 7392
17040 7790
1914 1060
25852 368
25757 4008
22081 6909
29730 4534
12226 3964
14114 3455
32008 7470
9241 6195
27658 8084
31046 6991
21163 5504
3668 6902
11653 3513
26937 1859
31717 8946
6751 1533
7446 6925
9217 4028
4835 476
28889 8235
19799 5368
7672 5647
25543 8726
7157 1767
24339 7159
27465 2133
31016 9310
30714 1564
30153 4551
22647 4425
30864 7623
29635 3271
31791 5599
21206 430
20220 2964
8513 8844
14509 1172
8464 8230
11615 161
5620 2432
12766 1618
27554 9564
21792 4651
7030 9744
25362 5369
5468 6315
13464 5059
12272 5513
16590 9326
25572 6021
21397 9247
22178 2126
3403 3958
30771 9325
4057 1241
14432 2518
31987 814
5911 9837
10651 3774
5136 8683
10983 3046
16815 2545
8197 1712
32557 4908
23932 3874
7667 5706
23988 3412
30278 4028
6841 3607
12073 844
13628 645
15743 2688
3291 2468
24177 2832
11682 8143
4367 5797
14033 3030
21306 9154
7903 1717
9665 7208
30912 3379
7114 1572
7780 8763
31092 668
25728 2832
9658 186
15248 733
29595 6551
25117 8826
1655 9452
3131 134
21949 7605
9303 3601
5059 7671
2351 3961
31733 1108
27938 9273
19506 7804
15018 588
28019 7270
8743 2712
4014 8544
13534 4152
15610 5123
12609 506
10227 6090
25713 9643
20804 7665
23104 8467
28952 1005
31014 8177
14409 8730
18588 9171
1306 9344
12319 9580
19235 6182
4390 9900
20901 29
6160 4068
11291 5295
6491 2203
8465 8761
20246 49
29497 7767
2713 7890
16572 7487
11891 1837
27854 321
1188 9173
18309 4093
17677 6647
26603 3349
24612 2509
27730 3205
25068 371
5351 4944
293 4169
27786 6845
11967 7848
29661 7106
14741 5656
667 2351
23128 5136
21292 286
15305 9616
27766 9529
7980 4053
18861 7417
29609 526
21230 4564
3966 5008
4940 6559
18675 3517
18692 9583
13020 4680
5417 6028
11132 2398
8612 9405
21156 4746
26746 3700
11035 2420
77 7013
27458 3674
4646 749
16632 114
23665 8624
3260 9838
26441 4467
22545 1681
19958 8780
2855 8113
16820 1783
9655 1181
10678 2922
32559 5649
1131 267
21007 8808
28160 673
5779 4961
28710 7080
28818 37
32533 2136
13478 9592
18385 4328
18573 6558
13228 7231
25295 2624
17676 7276
28065 7455
12654 6791
4362 3304
23723 1736
10308 8953
6522 4550
9829 2051
14482 1839
2096 1251
31973 4964
18663 8555
16518 1054
3453 781
4593 2333
8287 424
6149 6402
12685 5571
26109 7773
27193 4274
19361 6754
24208 1444
30141 3313
20952 4288
29395 1174
187 1233
28685 414
26082 5280
17013 5787
11462 9057
4200 4921
18115 816
12104 4514
22127 7390
2418 2511
25897 4150
8304 8593
5877 5061
32623 7823
20615 7306
12787 9968
925 9753
4809 5947
30198 1854
11773 5168
21425 1374
25291 1463
15149 1679
5449 6523
12997 2015
30026 946
5265 3787
13880 7359
9155 4535
21864 539
29530 3941
14719 6547
4866 4500
13599 9959
5447 5052
10948 2346
6331 624
262 7009
13758 5948
26979 2109
20276 5740
10074 3868
23872 4774
20941 1648
30816 164
25789 6256
6477 232
8278 7054
4130 6032
22827 2265
30399 9738
7618 867
8816 9769
21843 294
22730 424
15309 9122
19414 1086
24346 2202
8562 8035
17392 2547
13923 1560
26270 767
29921 8538
6023 3547
3181 2073
6844 3024
20425 8356
14371 3107
7704 7821
24870 4389
22072 9197
24232 3176
5201 1624
6973 4980
28078 8562
23962 7336
7884 3506
1866 3205
24497 5079
11171 8279
21119 2585
4857 3477
16457 4241
32273 4684
6181 4970
15832 5031
25731 8473
29525 5186
10941 7068
3037 590
26863 4912
19846 4071
9736 2293
2014 1685
18465 885
15580 1744
9486 5955
22038 7207
307 8817
14901 6915
28825 3381
22182 4151
20034 8204
29075 8651
15801 847
22546 9898
27372 8709
15516 2296
31806 9129
22976 5608
27353 4797
11544 5244
13633 3696
24189 9470
8239 7020
10103 5519
31132 915
20215 8287
4636 2075
3401 7436
24685 3671
27716 606
848 6121
30660 9442
5527 8532
21082 342
2176 887
577 2437
30785 4023
2708 8722
12004 3483
9407 1338
18773 8750
11828 4405
12986 1776
7775 4990
27138 7870
6363 7459
17857 244
28646 6991
10811 3872
11026 2758
26046 153
26174 9329
10038 9536
7365 4923
17147 5301
13557 7562
14829 1373
24515 2050
14019 7618
8380 2647
30112 5244
4671 1169
18919 6639
14826 2613
13905 757
338 1234
19261 7757
9975 9816
16199 7844
15223 2304
30235 8195
32513 5272
27020 6584
13069 5662
10464 6842
13386 4095
25198 1976
28888 8416
11116 6721
3768 797
31234 3641
22145 112
1442 8554
13908 148
412 9865
28945 1066
26093 347
19915 668
14936 2728
23418 9488
6073 9151
7408 3680
26490 2559
12920 2549
19907 9256
16687 1093
4758 4102
20777 6008
21561 813
4460 9534
19834 1261
17377 3337
1336 4156
2302 1116
5924 8787
3746 5621
31177 7046
9792 2349
26058 3130
1600 2349
17003 8755
15010 1955
15187 539
1000
16325 5489
15514 9239
23989 2524
16034 1677
1606 8735
22842 6613
7198 6677
27998 2922
14908 8176
12580 7016
9100 5729
15346 8417
20665 8515
8943 8384
4163 1017
14775 6235
27857 3210
19283 3326
19912 1561
24424 5910
1564 8746
24494 9627
17767 2193
12708 1937
7992 6173
6275 3984
7341 9398
29552 4995
3140 1875
11253 1775
1006 1647
26802 4709
18789 2828
22608 6217
5312 40
10423 7987
24901 1728
32385 5254
16510 6834
174 5519
25487 4279
19609 2752
20166 3201
26154 8302
27508 8673
30798 8040
27643 5325
31140 1257
13865 8304
2426 4224
18372 5442
6391 4557
18790 8809
13465 2527
17291 4432
483 8828
10729 2375
17743 4960
12544 4891
1162 202
8689 199
6368 2387
8339 2539
17909 3712
6084 8829
29850 6381
20253 4752
26540 9738
11438 9440
25597 8616
10433 6554
26831 6383
26195 7822
10135 2386
19995 8951
22366 6468
7437 7045
22375 5838
15394 2830
25874 2239
17755 9200
26880 6803
23044 3531
8056 6966
11830 5693
8202 3627
28063 1373
2162 3368
23941 6204
20159 3941
24585 1193
32436 581
15529 52
26222 9219
21001 7221
30279 4609
5363 3342
22523 4509
156 8046
265 1797
23593 9591
17500 5644
31089 6291
10027 8093
20741 5698
32030 7168
8046 9623
4018 4555
26549 4596
21726 507
32553 6931
30967 9267
1628 6647
16337 6243
29551 7522
295 2733
4495 9416
17468 9860
6592 5492
16067 6294
18649 8329
15100 3900
5840 9883
10529 1247
29496 9103
24576 8061
11016 8945
20713 6076
23454 9365
13002 6158
5892 2944
26777 374
7537 967
9970 8875
20499 3223
7426 1962
16651 5336
9379 608
1210 4908
15816 696
10299 1212
22812 8722
28976 309
13798 3157
19138 958
22320 8582
995 9198
21544 8041
17110 3724
1990 9928
20978 2102
25519 1810
10659 1638
27226 1173
23473 7698
5233 2271
17349 2243
9594 5665
8489 3673
13238 9654
32207 108
26441 4178
1685 8469
13468 8382
14535 6383
5632 7667
2277 2040
2196 181
26279 9677
20584 1347
16959 2389
18402 6363
30430 8268
15969 9475
15993 4515
10785 2966
4813 1942
12639 9323
8097 5774
20157 9532
10827 4088
5351 1382
4725 1318
21879 3068
20513 36
12054 2593
4843 3181
18148 1622
26254 9039
12571 912
170 1149
19695 7053
7109 804
6072 2265
911 4496
15186 652
13930 6735
23492 534
16425 8278
26657 4094
12824 819
29356 5480
23613 4338
21567 7717
11230 3524
7918 5375
21316 4717
9191 1365
7870 3022
4252 5891
6888 8082
26405 1925
28716 7900
21983 3694
6026 2401
12890 9604
19605 1042
7026 2447
24766 1261
1723 5346
21461 2675
15651 136
21965 9197
2770 1907
5568 5835
9813 3265
562 2814
4860 4560
24218 4839
640 2372
21023 2159
31209 4198
21407 4472
15791 1647
5877 1108
18720 1765
24444 3893
21761 2645
23503 6932
12664 178
28371 4006
30506 6556
2552 571
21408 3557
31931 5097
29935 7184
23920 5465
22680 1803
28478 8560
429 335
10603 7712
23093 4181
17369 8256
17362 2219
17562 7073
14232 3072
13204 3666
20876 4015
16065 4569
24939 4744
14360 1619
28923 3301
24757 5405
31836 5226
22735 9138
408 374
19434 9651
11899 7127
11597 1452
8357 7500
6327 8469
27613 7230
11086 54
23208 6657
26840 2670
7450 775
301 3638
23021 8295
2540 6225
21968 8524
110 9703
9473 4400
10232 1938
6942 1995
6197 2617
27961 983
4067 8059
14890 4262
24524 14
27945 5493
504 9
11932 4002
12577 3518
22317 4109
5223 7948
6432 6635
21317 2260
21475 6273
9668 7770
17895 5487
13550 7327
4271 4634
24454 253
17191 7278
14070 9010
24118 1620
18569 6848
1942 9169
1754 3908
24292 3727
26509 4886
10483 288
2364 7600
17766 1823
30132 5395
8830 9738
21602 7174
9008 861
8456 2033
11131 1856
15028 7625
18168 1141
24307 7724
7603 6874
25922 5344
11065 678
20165 2854
27634 4369
32316 8869
29873 196
11314 2868
10378 9348
27511 6104
228 9849
20945 8048
7118 4964
6383 1564
1175 6240
19358 8677
27288 7415
21312 7945
14933 104
31097 9174
19653 7928
12843 1561
8429 3848
16805 8679
21428 5845
4887 5948
18930 629
21321 9985
16586 3264
9101 1652
14394 5181
30963 6179
27632 3551
31675 9720
20063 6624
31504 1596
14867 5245
18675 1829
19777 4081
28354 9123
17686 2089
20889 5218
14473 7353
2734 9221
7582 600
18295 8185
8469 3656
19277 9057
22203 1677
11030 8032
29235 9186
27681 9860
31990 2682
2641 6598
11673 4329
10622 7167
17487 1157
30232 9374
4270 6871
30989 8503
1206 4742
25325 3085
30991 3110
4685 5779
1682 3501
22889 5056
6411 7542
18189 2241
7997 5258
30389 1748
31783 9403
11251 7522
7558 579
15633 6316
23451 6077
4343 6169
1582 7377
13392 4270
17107 2294
18921 272
8300 7475
23129 4758
1007 38
18151 3410
21098 4937
25512 8258
31812 4866
31976 402
19909 3595
19403 8372
10456 8465
7732 7746
3088 3568
1555 2794
12542 8938
23261 6994
11447 7472
18171 3656
5738 8569
7487 4979
15009 1875
2728 5238
2934 502
22583 7939
4356 3440
32511 5342
15901 6524
17020 9796
32059 201
17701 4571
2488 8727
19268 5162
26945 9524
8198 2765
6536 4713
20686 8562
17977 5695
13007 4392
6960 8806
26330 7513
1769 4758
20340 3172
311 7591
11564 4400
10809 5839
21804 9502
21898 8250
13837 1599
21945 2479
7920 54
7161 5056
31946 2158
25 5538
511 1071
17590 366
27699 5885
11183 8262
23644 7858
11993 6540
29980 366
12532 144
13135 5196
15070 8969
13536 7558
6407 183
25056 8859
27941 2342
11225 5776
2089 7860
22367 1461
8305 1862
1001 5546
14399 1208
26079 8321
18538 485
26356 9781
851 6598
8374 2572
17435 8318
25955 1225
32275 533
19199 4757
16500 8050
27811 6351
8785 4239
22040 1217
10953 4248
19877 373
2433 3204
28708 9560
13138 5272
21339 8894
14142 6568
8842 8630
24489 767
12175 9637
30384 116
26635 1599
2398 945
515 3945
25833 5937
13147 7447
9978 7918
1176 8285
1746 7236
9887 4584
31022 3834
21951 1693
19309 499
28146 4560
31220 6144
5216 3334
17874 7752
6693 2060
19872 9195
31828 617
11691 2339
9532 2529
27478 2509
21226 8636
12217 7542
18159 1734
5518 9305
9059 312
3662 9480
6441 1576
8855 1449
19317 188
4561 5619
3212 9540
5393 6616
22475 8297
18749 9702
11499 6545
1138 361
12419 2148
6818 4611
13774 1811
21890 3167
5551 4952
9123 1026
30450 9529
17118 83
27605 705
27126 5708
2247 1296
13689 1057
22639 1233
23527 1121
20720 2669
27926 8139
11884 1167
8405 6371
22215 9335
30928 164
10925 851
14772 552
26582 779
32659 6454
136 1835
29065 6348
3166 4647
22688 1390
13897 1817
7665 8797
19412 9679
29708 6298
20908 2787
12186 2621
16735 7195
4929 6066
21604 8626
4808 883
92 7750
20860 4300
2199 5284
24530 1578
18650 2512
31821 4742
7519 9962
23458 3409
3102 877
15387 1855
4939 7786
18489 7801
16672 8341
3229 2126
30940 9182
1320 9483
2316 5698
1378 1147
30473 3666
24 1775
9154 645
29258 4801
11707 9258
30020 9206
13398 6241
15370 82
24658 8923
32761 9296
21905 1326
8364 8931
29214 1565
31517 5687
32366 5479
15372 11
13030 7119
12709 7491
13982 397
24669 744
31589 5283
24349 6147
6917 7506
8970 6600
12637 36
30826 2858
27534 4373
27014 3633
15113 9421
9007 4363
30782 7204
12165 5943
23922 6559
29452 215
3184 6463
3 3683
7291 8566
13297 9122
17544 5259
21376 5301
30122 1536
6286 6036
31182 1266
26242 3869
27304 2480
6364 9578
5357 2736
8209 9443
7107 671
24725 8243
28790 4551
2105 5279
29292 2678
19895 485
19291 6893
20107 6689
23481 5302
32517 5718
19316 6089
24733 987
4836 7728
29318 1523
4094 9337
4230 2386
31690 4797
13316 9005
21527 4815
19299 6753
3437 3511
7054 3094
8515 1823
24532 6389
19570 1725
7159 2264
4586 9091
21631 2978
21923 83
8532 7023
9175 5879
20108 4396
30831 1040
32642 9514
6843 4637
2088 943
24933 1311
28830 1278
29352 4139
22275 1416
21693 9087
9099 6579
25238 4792
17105 298
30927 2355
23151 6213
28386 7202
11213 3722
12442 1090
6454 4564
3018 2907
305 3155
1598 375
25614 980
20466 9431
1983 4019
9602 3554
3561 110
14050 3679
12347 2028
26191 8630
5887 2541
29573 6882
32238 5539
26419 57
6985 7794
21164 7247
32037 84
14303 3959
20743 385
11657 4796
18864 605
5033 879
5946 385
27701 7746
9572 5246
11275 4724
5163 7232
6186 2766
7834 7488
802 7102
25570 5084
32457 1249
18093 2587
22064 6599
22192 9291
25557 3297
30847 1742
6170 4702
16294 2709
17398 487
12021 5659
31723 7735
21275 3125
10040 1439
18600 3919
7577 5418
11163 905
12779 1377
29519 5881
16254 2578
12508 2095
2272 9652
10462 414
21015 9284
28465 5487
31367 3957
28664 1223
28182 6392
2532 247
12685 7965
15010 3649
5449 4070
14421 8436
280 2824
3202 470
31924 924
12333 7791
8022 1190
31611 930
17005 6813
21607 8586
17901 6591
13751 3400
28394 2149
8750 6096
5221 2921
22532 5376
3686 9622
22675 3555
6987 5214
6227 1909
12127 8738
27400 9128
25262 813
58 6214
28952 2993
998 7384
165 1463
14195 6918
8728 913
5863 4464
16327 7139
24155 7932
28329 9713
941 4977
21937 5258
30836 3892
8026 7926
2593 628
379 6340
32684 6494
12790 7268
6200 852
32232 9427
23544 7323
29375 1961
9316 3818
7000 6769
26078 6683
14017 5625
15510 3827
19523 6589
16555 6334
16544 5158
26003 5471
20633 3647
26812 1174
5299 8553
4979 5554
29243 10000
21510 442
7560 3021
29221 6791
4480 3708
25230 8996
8286 7665
32234 680
434 567
7921 8403
424 2569
1095 3710
12693 190
16409 2929
11357 5169
20888 5303
21216 1399
27294 2643
15081 411
19829 2948
10294 3156
17387 1582
23595 5428
3241 8413
3528 3904
12992 4247
7641 2689
901 6978
23404 9530
5791 3095
27784 1418
7262 149
12060 8916
11272 9782
24462 4077
15467 8293
22744 4153
27979 5553
2413 8813
2510 8217
7230 6270
20469 6733
22509 3777
6430 9390
11127 7551
27597 7235
28875 3211
13501 2118
15620 1711
24364 7846
6166 9261
15923 2001
694 396
8506 9246
22957 4237
28291 4052
29044 2088
15199 2594
4098 6057
13474 4702
14562 7707
27476 349
32648 2547
22953 6947
21477 7233
13363 4074
32057 1250
23383 1288
14121 2298
254 5181
9489 2032
22156 106
3995 8186
22294 1672
8337 5707
464 4023
4335 3546
6340 7078
32061 1445
14282 1699
21531 7189
22452 5396
4894 5283
4553 6085
17882 460
14197 6514
31552 2961
4670 9016
9515 5618
24570 2743
5685 7693
24383 9050
4559 8545
28 6266
8849 4583
3334 2560
10958 4243
24597 5562
25452 2136
30833 2528
15602 9434
1031 2743
22243 7624
12672 3989
331 89
24179 310
31895 4021
30169 3791
27561 6680
4802 7313
11308 1875
15175 8064
2341 8836
18368 1525
31691 6743
18999 3569
28313 2620
2588 402
13985 6939
26681 6123
14115 5078
16105 2079
25438 862
4741 2910
4774 2472
9760 5587
23223 9088
18548 9101
25673 7487
27931 45
28133 9274
26115 47
28918 8427
20764 9229
7459 9828
3667 1632
7644 7377
20932 2792
24115 1309
9771 6190
16110 3752
29596 728
29402 2759
24181 4445
30050 7260
4752 8313
20319 1288
7923 7730
1342 7519
462 4369
9370 8117
24621 638
21554 9308
7626 1214
25388 7844
15768 7816
31664 6304
18343 5676
22511 9250
17992 4743
18532 4198
7795 4820
28505 1085
18277 5236
21934 3181
9613 7442
15574 5431
11920 1026
17482 1565
29350 50
10758 8900
23549 5129
5779 2777
1670 5968
146 5992
29200 2222
23397 8689
19226 9110
18075 4541
13797 3009
20910 5396
20430 5375
10225 4606
23259 6984
14532 2792
18324 4711
12298 5194
4372 4681
1000
25414 8031
22147 5248
32580 9206
19794 612
32700 9385
18214 3983
15267 413
18994 3931
8025 5342
32637 9099
17106 5526
6700 2371
10997 31
17412 2696
14913 1526
13099 5862
5302 3664
19758 6609
31475 6257
31560 1405
24732 7706
5090 6418
16894 2259
32086 3834
31990 746
28152 2333
12558 2538
27991 1280
27370 4624
31424 8633
7907 2586
32004 4117
14065 5729
24443 5502
14286 3720
73 5239
16728 9317
21472 6666
28216 8383
25031 9509
22209 7929
32409 2191
15130 4447
26448 3297
6304 510
8643 8771
11910 841
18030 436
13758 713
6002 2415
20509 6836
2268 3338
29370 8673
7722 8001
20375 5243
16652 978
643 276
30055 154
1342 9884
3743 7136
11999 9890
18966 8224
17011 5914
29424 9339
20711 592
29466 4284
29224 3788
30090 8062
6536 2951
32200 4605
2404 6700
6317 2795
10755 1122
2666 1380
18370 3818
7629 6035
31854 5988
30912 1318
18418 3142
6675 3712
7218 5599
25723 2797
24630 1865
23258 9067
11915 1422
29120 952
21222 1261
6706 3414
19211 3132
27051 5782
20205 1392
865 1604
9239 7515
9929 8831
16458 6965
1885 6508
32616 2526
20893 555
28816 4067
340 4378
32395 543
27932 2424
30567 2068
11044 3053
14177 1690
13105 4185
31497 9622
25059 8282
7328 2511
16698 3521
16581 9230
14936 6279
13905 6420
5257 2140
3455 6961
25984 7617
10832 1633
22244 855
22061 2441
25867 5831
5326 4275
31493 4931
16476 5702
4060 572
12498 7274
10522 4598
29353 9194
26252 7177
20660 3354
31558 1354
13641 2827
14311 6937
9889 3197
2590 60
25217 4805
5485 396
23834 5551
18733 4510
10031 1462
6099 5812
32629 817
13169 485
4927 3520
29568 7883
12890 3192
18396 8443
31286 3050
23824 1627
15431 8603
21972 5839
9131 4527
15828 6532
24077 5048
6579 6928
19401 3374
14416 2473
31569 7023
10568 3286
29647 7977
31932 979
4876 1284
12372 2873
656 1958
28035 1037
2059 8402
32013 4904
13555 1617
5063 4087
14703 2243
23710 9875
24180 8087
25563 6323
27437 2489
18342 2625
31137 4044
20936 9115
32400 9545
24245 3323
2205 5750
13769 7353
31411 5242
14034 8718
17825 5184
207 5741
25863 411
30199 254
9078 4121
16637 8730
27091 2074
16275 9038
7676 9538
30253 2233
21678 2605
28935 7688
23207 5267
13929 1125
22791 4493
11818 2428
6396 55
8819 7006
10910 9381
15813 4184
29464 4635
10813 8358
26121 7192
13847 2277
28202 5219
8562 4183
18736 9961
31058 4778
23284 8757
9195 2971
15313 849
541 3159
1613 155
19003 8994
10236 4476
16 4235
14754 197
11812 7776
8856 7515
17467 6846
2929 3718
16159 3340
25564 5524
32159 3688
32716 9107
26328 3570
4055 1726
17843 4488
30940 9591
32175 2881
20201 2038
31969 4958
30556 4321
3897 6846
13896 9277
30470 8161
11034 5075
28348 6447
124 8071
30709 4426
21369 2149
7095 4737
5602 1101
32757 9207
28657 1569
30296 979
25901 2203
26687 7353
16525 4085
18265 3040
18659 353
10854 5740
16739 978
314 182
6329 2109
28984 9762
17284 4880
22818 5274
1205 1242
29324 2468
15009 8637
10129 1167
597 7186
28868 5743
9513 477
20329 5130
1176 7074
14310 929
30798 1512
116 1171
21123 1454
10266 5230
32392 844
2524 4359
28063 4490
20528 9660
17936 8550
15537 6873
2169 7874
6167 872
8038 1757
24167 9436
3361 4755
31591 2831
11212 2423
11093 5562
13228 5232
21464 1302
31688 3921
26935 8417
10419 2318
13257 5411
15782 9164
2477 7089
17361 5624
20666 2465
31731 1531
23737 2271
20009 4444
32210 32
27651 9494
21317 1797
22749 5163
13915 18
19565 4666
20891 1743
9112 9773
14400 15
21386 150
4587 1856
4869 1467
11926 658
11769 5087
5833 8683
14166 6883
27664 1770
3358 9053
11692 2586
25278 1592
13705 5146
17822 8636
368 139
20471 7759
7294 6121
32229 28
15573 3789
22717 595
27025 6242
27808 8258
15614 9688
15440 6978
5896 6869
10051 740
21490 6610
30198 94
23371 4501
132 1937
6942 2603
9079 5181
17258 8729
30430 9559
21969 402
31648 665
23956 2363
13071 5723
25535 573
21696 9329
29601 2043
5787 3044
17279 1285
15150 7638
21898 1020
23110 2288
9485 5176
6081 2334
13291 3494
15518 3886
3145 1781
26198 724
2696 4515
16495 7170
886 2595
31822 2694
6853 6355
31565 6692
23996 1067
24333 8118
30252 8296
29710 2417
2470 9865
10876 1978
6379 5657
4428 393
29604 5679
1928 5053
5203 8851
6119 8367
30858 1282
12961 5531
18779 3988
14721 8493
26639 8075
4668 664
13082 9503
13057 8365
5967 7416
23889 5498
16721 8347
31505 2545
842 9656
20958 9322
17119 5571
160 8395
867 5362
31586 455
24650 4247
31073 1333
3041 1471
2402 259
9789 2937
16457 6715
113 2843
13800 9509
8197 9810
17429 4348
5795 7240
15359 3365
530 3835
1474 6877
18537 7835
24120 5315
25724 4324
10002 342
22171 4685
32040 4352
3452 2016
2318 131
23413 4363
15848 2019
19438 7878
31359 5893
27927 695
16532 5013
25046 4082
30324 3982
20484 437
26316 3814
32472 8227
29375 5032
14755 1582
10806 2854
19134 8042
15991 9054
8897 7232
762 6268
32758 1041
28791 7809
10766 1020
24132 7955
5650 178
26078 3189
1692 3639
9414 7656
31814 619
20622 9921
2659 298
20787 4301
25581 1905
21933 2771
13503 2674
5829 1353
6916 137
15399 8506
21744 720
6072 1110
30382 8337
11049 4058
15513 9418
11213 4401
19886 4053
30887 75
577 4936
14024 9694
752 2379
2008 5578
21462 5112
3826 1601
8193 1128
14261 5239
22821 3803
29591 4790
32657 7128
24957 3925
9827 8486
5001 9610
2040 5129
26419 9406
16039 9410
9116 1424
30127 3360
21022 620
9837 1548
1320 8269
13779 2324
329 3040
1557 245
31882 9004
20645 3006
26625 671
23650 291
30627 234
25613 3871
23642 6832
16636 2526
25688 7115
11794 1098
30122 3280
14062 2180
5904 6772
10083 9926
31500 254
3880 1526
16697 686
11729 4781
25054 1023
23294 5784
30659 154
16083 5423
23619 123
28328 5669
18851 8551
16897 9728
30626 3326
29632 3177
26193 9454
25497 2485
19237 5768
3015 629
21579 9239
32509 6379
13883 6718
672 4655
14224 176
6451 1745
12055 4822
4371 3423
10278 8909
27492 2969
8495 2767
12107 4979
6292 8355
32093 3675
23485 4551
30552 6508
19561 9916
20497 9617
4161 8338
6062 8094
24243 6342
6165 5452
24829 9786
21925 9108
22664 6596
2083 2430
32632 2457
8183 9530
22401 2444
11160 5054
23292 2113
12613 9617
17466 3207
20726 3127
24344 1477
17042 494
6355 548
1122 7049
16926 4414
19910 315
14194 4181
6694 7607
25510 1031
24620 1973
20671 7616
27767 5113
27280 1988
19149 3143
26527 1906
11733 1991
17807 4018
13287 5529
17153 9200
11088 6274
4186 8382
13374 9612
8391 8261
14812 5312
3198 8242
1725 3815
26695 1775
30846 2813
463 5799
12695 1452
21966 4307
27606 2310
28536 6641
2221 7445
31961 8313
9904 5126
4693 579
1917 1186
22937 3780
22095 4216
11473 2474
15568 6666
29211 5675
14895 7371
19260 1769
28787 9255
28051 376
23567 3284
13899 3923
10678 2408
20180 6284
7792 3803
30099 5731
17902 382
16088 1064
23322 7116
25105 2804
7923 4208
26430 1525
4504 967
18597 2457
16802 8135
23751 4590
9655 6800
7314 8310
13405 4418
6616 448
11787 96
14848 4133
19846 1796
2300 3873
21099 3778
14459 9411
6663 8465
8031 2790
14959 1207
19825 7536
21453 452
1875 8411
3065 2243
16055 6179
26697 5548
23247 1375
31145 7198
25860 9827
3822 9867
28139 1765
24935 6627
15989 3886
28597 7206
10598 3444
31453 7940
4360 5414
22940 1031
29984 9496
5627 2308
7457 2639
2338 334
12960 1983
26993 8843
24584 5587
32461 1499
18319 9420
15862 6216
4863 6021
17893 4394
5352 3818
16021 1986
6003 2486
26087 1013
32316 3813
10235 7224
24309 4210
21934 6163
3081 636
9313 834
12926 5580
23293 5070
3872 2038
20531 1725
32476 7790
7689 8901
28266 2061
11922 9783
27951 7876
1532 8185
26465 1504
28113 1124
19308 3375
25974 4176
7828 786
31736 4492
17628 627
30471 9842
39 3064
27459 3002
27294 3785
10679 5582
28753 831
9891 3199
3105 2381
15743 5638
19421 9988
30268 525
24491 2993
12237 303
14506 8026
21478 1036
31445 2233
30724 2226
17963 5671
4013 2297
6925 2141
5113 6813
24039 2183
17489 4978
15890 298
25719 2259
1017 2424
7110 9627
2683 8945
22972 9832
26513 348
25525 1548
2097 4358
28665 2102
17266 5338
29177 224
10480 2019
31702 2490
3698 46
22819 1768
8394 6947
18156 616
31741 9380
27895 5462
3748 6439
31817 6195
19602 3153
5868 4403
29879 9220
25840 262
28228 7722
31408 233
272 3602
29783 6190
27963 5755
27298 9209
9745 1439
9447 2493
13361 8834
11350 5126
750 634
9343 3112
7413 6481
3348 6344
7216 7288
20720 2249
20715 3119
18009 4139
25654 867
1154 703
31114 8055
12884 2381
5039 3910
12910 8889
16604 6167
20587 9620
21025 1555
21347 7983
8706 5011
6580 6949
11877 2829
1753 2478
16464 9596
18286 6408
18813 81
25270 8087
23098 7619
25357 875
12753 6028
30023 9016
28638 958
8934 5108
16409 2255
31888 4593
30832 7492
18625 2059
23897 4893
2750 9156
102 7330
30154 9359
27929 9452
8347 1705
6139 87
3343 5358
17384 8742
22556 3259
20909 9432
9733 576
3418 7892
21305 671
18557 3844
30237 1268
28537 126
23206 6552
25682 4519
17298 2495
21849 375
21609 8146
6647 7149
29792 8242
19622 2369
22654 5052
17984 5978
30973 2318
24188 3809
30195 1433
5557 6214
12082 7815
3054 754
4972 1903
26900 4525
27291 582
6786 8240
8095 6424
2507 4877
19753 9560
12467 7326
4569 7780
11902 1692
28579 6749
17006 5601
14967 9125
20359 3871
23073 6362
19861 7954
25454 3490
19312 3380
19600 5751
26239 5280
16579 1221
23419 3001
22321 3825
5237 8971
12563 3213
22555 2034
17178 9097
32311 1210
19981 2700
19832 6087
19123 6292
26229 1494
19699 2218
24559 2660
8762 8121
30806 4045
12061 7424
143 5287
20544 4550
25589 8065
17014 110
29086 2230
22057 7227
19167 3334
29181 214
6930 2198
10416 782
31894 3127
26181 4702
12056 8469
30817 6069
785 6305
30197 1794
7824 6641
18973 6271
32570 1814
26184 9104
23951 4799
24474 2795
21871 2812
31630 5434
30684 1605
28640 2959
10753 6587
22954 3895
30067 815
8995 1704
3043 3458
31267 3846
29262 897
17315 4924
14948 690
16538 2919
18932 7187
2944 6110
18003 1513
25697 2366
24842 8682
816 1933
23756 5963
25693 9097
24235 2069
17321 4945
24459 7741
14650 4439
20950 1108
11498 3860
20337 9036
5093 5068
25583 1693
11379 7268
18181 902
11282 4865
6974 9704
5064 418
1264 3503
7863 4033
11631 7026
32498 7126
1664 1294
23695 845
23134 9198
9209 2839
12078 393
30025 1303
20991 7291
30425 4601
9878 8844
26970 2368
30208 3657
7729 8992
31118 2004
31508 860
24228 6254
6060 9181
29259 3151
25191 6470
6276 6035
29292 8559
19933 5187
13780 6819
26433 9286
20503 2710
1044 5511
15556 539
26240 1561
2678 3732
9737 3448
16899 6059
28776 34
19958 2658
19606 9222
30272 7654
5159 795
17450 4041
5849 2340
25230 9647
7277 2786
20039 6569
14517 4923
27366 5121
9711 2666
20390 8613
6481 423
24739 1079
28633 2118
12564 407
3000 9476
29188 6525
29640 2584
10274 3222
19971 3469
8684 390
6790 2113
2813 1905
24911 1559
10217 965
27973 6059
2409 3213
14456 6491
31416 9892
28075 8820
12092 7511
8976 3067
29545 9310
12882 8110
25827 3468
20952 1913
30178 6292
21321 9309
16347 9455
11083 8430
26973 299
9873 2396
9017 1974
28692 4757
229 5804
19616 4488
12322 333
12179 5837
21469 9011
3298 7732
1619 946
3164 6811
18041 4832
